44.6162
1
42.7699
67.1828
28
-157.828646932 -56.248562364 -151.623352885 -52.864871534
-164.033940978 -63.015944024 -157.828646932 -59.632253194
-170.239235024 -59.632253194 -164.033940978 -56.248562364
-164.033940978 -59.632253194 -157.828646932 -56.248562364
-157.828646932 -59.632253194 -151.623352885 -56.248562364
-170.239235024 -63.015944024 -164.033940978 -59.632253194
-164.033940978 -56.248562364 -157.828646932 -52.864871534
-151.623352885 -56.248562364 -145.418058839 -52.864871534
-157.828646932 -49.481180704 -151.623352885 -46.097489874
-164.033940978 -52.864871534 -157.828646932 -49.481180704
-157.828646932 -52.864871534 -151.623352885 -49.481180704
-157.828646932 -46.097489874 -151.623352885 -42.713799045
-151.623352885 -46.097489874 -145.418058839 -42.713799045
-145.418058839 -52.864871534 -139.212764793 -49.481180704
-145.418058839 -49.481180704 -139.212764793 -46.097489874
-151.623352885 -49.481180704 -145.418058839 -46.097489874
-151.623352885 -52.864871534 -145.418058839 -49.481180704
-145.418058839 -46.097489874 -139.212764793 -42.713799045
-145.418058839 -42.713799045 -139.212764793 -39.330108215
-151.623352885 -42.713799045 -145.418058839 -39.330108215
-151.623352885 -39.330108215 -145.418058839 -35.946417385
-145.418058839 -35.946417385 -139.212764793 -32.562726555
-139.212764793 -39.330108215 -133.007470747 -35.946417385
-145.418058839 -39.330108215 -139.212764793 -35.946417385
-139.212764793 -35.946417385 -133.007470747 -32.562726555
-145.418058839 -32.562726555 -139.212764793 -29.179035725
-139.212764793 -32.562726555 -133.007470747 -29.179035725
-139.212764793 -29.179035725 -133.007470747 -25.795344895
