93
-223.234337058 -316.742093326 -159.885359683 -253.313925970
-159.885359683 -316.742093326 -96.536382307 -253.313925970
-159.885359683 -253.313925970 -96.536382307 -189.885758615
-223.234337058 -253.313925970 -159.885359683 -189.885758615
30.161572445 -253.313925970 93.510549821 -189.885758615
93.510549821 -316.742093326 156.859527197 -253.313925970
30.161572445 -316.742093326 93.510549821 -253.313925970
30.161572445 -380.170260681 93.510549821 -316.742093326
30.161572445 -63.029423904 93.510549821 0.398743452
93.510549821 -126.457591259 156.859527197 -63.029423904
93.510549821 -189.885758615 156.859527197 -126.457591259
30.161572445 -189.885758615 93.510549821 -126.457591259
30.161572445 -126.457591259 93.510549821 -63.029423904
93.510549821 -253.313925970 156.859527197 -189.885758615
93.510549821 -63.029423904 156.859527197 0.398743452
-33.187404931 -253.313925970 30.161572445 -189.885758615
-33.187404931 -316.742093326 30.161572445 -253.313925970
-96.536382307 -316.742093326 -33.187404931 -253.313925970
-96.536382307 -380.170260681 -33.187404931 -316.742093326
-96.536382307 -253.313925970 -33.187404931 -189.885758615
-33.187404931 -63.029423904 30.161572445 0.398743452
-96.536382307 -189.885758615 -33.187404931 -126.457591259
-33.187404931 -126.457591259 30.161572445 -63.029423904
-96.536382307 -126.457591259 -33.187404931 -63.029423904
-33.187404931 -189.885758615 30.161572445 -126.457591259
-96.536382307 -63.029423904 -33.187404931 0.398743452
156.859527197 -253.313925970 220.208504572 -189.885758615
-286.583314434 -126.457591259 -223.234337058 -63.029423904
-223.234337058 -189.885758615 -159.885359683 -126.457591259
-286.583314434 -189.885758615 -223.234337058 -126.457591259
-349.932291810 -189.885758615 -286.583314434 -126.457591259
-159.885359683 -189.885758615 -96.536382307 -126.457591259
-349.932291810 -126.457591259 -286.583314434 -63.029423904
-159.885359683 -63.029423904 -96.536382307 0.398743452
-223.234337058 -126.457591259 -159.885359683 -63.029423904
-159.885359683 -126.457591259 -96.536382307 -63.029423904
-286.583314434 -63.029423904 -223.234337058 0.398743452
-223.234337058 -63.029423904 -159.885359683 0.398743452
283.557481948 -126.457591259 346.906459324 -63.029423904
220.208504572 -189.885758615 283.557481948 -126.457591259
156.859527197 -126.457591259 220.208504572 -63.029423904
156.859527197 -189.885758615 220.208504572 -126.457591259
283.557481948 -63.029423904 346.906459324 0.398743452
220.208504572 -126.457591259 283.557481948 -63.029423904
220.208504572 -63.029423904 283.557481948 0.398743452
156.859527197 -63.029423904 220.208504572 0.398743452
-286.583314434 63.826910807 -223.234337058 127.255078163
-223.234337058 0.398743452 -159.885359683 63.826910807
-286.583314434 0.398743452 -223.234337058 63.826910807
-349.932291810 0.398743452 -286.583314434 63.826910807
-159.885359683 0.398743452 -96.536382307 63.826910807
-349.932291810 63.826910807 -286.583314434 127.255078163
-159.885359683 127.255078163 -96.536382307 190.683245518
-223.234337058 63.826910807 -159.885359683 127.255078163
-159.885359683 63.826910807 -96.536382307 127.255078163
-286.583314434 127.255078163 -223.234337058 190.683245518
-223.234337058 127.255078163 -159.885359683 190.683245518
-349.932291810 127.255078163 -286.583314434 190.683245518
-96.536382307 0.398743452 -33.187404931 63.826910807
-33.187404931 63.826910807 30.161572445 127.255078163
-96.536382307 63.826910807 -33.187404931 127.255078163
-33.187404931 0.398743452 30.161572445 63.826910807
-96.536382307 127.255078163 -33.187404931 190.683245518
-33.187404931 127.255078163 30.161572445 190.683245518
-96.536382307 190.683245518 -33.187404931 254.111412874
-33.187404931 190.683245518 30.161572445 254.111412874
-96.536382307 254.111412874 -33.187404931 317.539580229
-33.187404931 254.111412874 30.161572445 317.539580229
30.161572445 0.398743452 93.510549821 63.826910807
93.510549821 63.826910807 156.859527197 127.255078163
30.161572445 63.826910807 93.510549821 127.255078163
93.510549821 0.398743452 156.859527197 63.826910807
30.161572445 127.255078163 93.510549821 190.683245518
93.510549821 127.255078163 156.859527197 190.683245518
30.161572445 190.683245518 93.510549821 254.111412874
93.510549821 190.683245518 156.859527197 254.111412874
93.510549821 254.111412874 156.859527197 317.539580229
220.208504572 0.398743452 283.557481948 63.826910807
283.557481948 0.398743452 346.906459324 63.826910807
156.859527197 0.398743452 220.208504572 63.826910807
156.859527197 63.826910807 220.208504572 127.255078163
220.208504572 127.255078163 283.557481948 190.683245518
220.208504572 63.826910807 283.557481948 127.255078163
156.859527197 127.255078163 220.208504572 190.683245518
156.859527197 190.683245518 220.208504572 254.111412874
156.859527197 254.111412874 220.208504572 317.539580229
-349.932291810 190.683245518 -286.583314434 254.111412874
-159.885359683 190.683245518 -96.536382307 254.111412874
-223.234337058 190.683245518 -159.885359683 254.111412874
-286.583314434 190.683245518 -223.234337058 254.111412874
-349.932291810 254.111412874 -286.583314434 317.539580229
-286.583314434 254.111412874 -223.234337058 317.539580229
-159.885359683 254.111412874 -96.536382307 317.539580229
