422.282 470.715
359.792 373.452
55
-105.150344490 -122.318226706 -66.761051179 -43.865733047
-105.150344490 -279.223214024 -66.761051179 -200.770720365
-143.539637801 -200.770720365 -105.150344490 -122.318226706
-105.150344490 -200.770720365 -66.761051179 -122.318226706
-143.539637801 -279.223214024 -105.150344490 -200.770720365
-181.928931111 -200.770720365 -143.539637801 -122.318226706
-181.928931111 -279.223214024 -143.539637801 -200.770720365
-143.539637801 -122.318226706 -105.150344490 -43.865733047
-181.928931111 -122.318226706 -143.539637801 -43.865733047
-220.318224422 -122.318226706 -181.928931111 -43.865733047
10.017535442 -279.223214024 48.406828752 -200.770720365
-66.761051179 -279.223214024 -28.371757869 -200.770720365
-66.761051179 -200.770720365 -28.371757869 -122.318226706
-28.371757869 -200.770720365 10.017535442 -122.318226706
-66.761051179 -122.318226706 -28.371757869 -43.865733047
-28.371757869 -279.223214024 10.017535442 -200.770720365
-28.371757869 -122.318226706 10.017535442 -43.865733047
-66.761051179 -43.865733047 -28.371757869 34.586760612
-28.371757869 -43.865733047 10.017535442 34.586760612
-66.761051179 34.586760612 -28.371757869 113.039254271
-28.371757869 34.586760612 10.017535442 113.039254271
-66.761051179 113.039254271 -28.371757869 191.491747930
-28.371757869 113.039254271 10.017535442 191.491747930
86.796122063 -200.770720365 125.185415374 -122.318226706
48.406828752 -200.770720365 86.796122063 -122.318226706
10.017535442 -200.770720365 48.406828752 -122.318226706
-105.150344490 -43.865733047 -66.761051179 34.586760612
-143.539637801 -43.865733047 -105.150344490 34.586760612
-220.318224422 -43.865733047 -181.928931111 34.586760612
-220.318224422 34.586760612 -181.928931111 113.039254271
-181.928931111 -43.865733047 -143.539637801 34.586760612
-181.928931111 34.586760612 -143.539637801 113.039254271
-143.539637801 34.586760612 -105.150344490 113.039254271
-105.150344490 34.586760612 -66.761051179 113.039254271
-220.318224422 113.039254271 -181.928931111 191.491747930
-181.928931111 113.039254271 -143.539637801 191.491747930
-143.539637801 113.039254271 -105.150344490 191.491747930
-105.150344490 113.039254271 -66.761051179 191.491747930
86.796122063 -43.865733047 125.185415374 34.586760612
86.796122063 -122.318226706 125.185415374 -43.865733047
10.017535442 -122.318226706 48.406828752 -43.865733047
163.574708684 -122.318226706 201.964001995 -43.865733047
125.185415374 -122.318226706 163.574708684 -43.865733047
48.406828752 -122.318226706 86.796122063 -43.865733047
10.017535442 -43.865733047 48.406828752 34.586760612
163.574708684 -43.865733047 201.964001995 34.586760612
125.185415374 -43.865733047 163.574708684 34.586760612
48.406828752 -43.865733047 86.796122063 34.586760612
86.796122063 34.586760612 125.185415374 113.039254271
10.017535442 34.586760612 48.406828752 113.039254271
48.406828752 34.586760612 86.796122063 113.039254271
163.574708684 34.586760612 201.964001995 113.039254271
10.017535442 113.039254271 48.406828752 191.491747930
48.406828752 113.039254271 86.796122063 191.491747930
125.185415374 34.586760612 163.574708684 113.039254271
