518.525 470.808
746.079 865.483
96
-251.964889035 -67.275902922 -204.826252596 -24.475190307
-204.826252596 -110.076615537 -157.687616158 -67.275902922
-204.826252596 -152.877328153 -157.687616158 -110.076615537
-204.826252596 -195.678040768 -157.687616158 -152.877328153
-204.826252596 -67.275902922 -157.687616158 -24.475190307
-251.964889035 18.325522308 -204.826252596 61.126234924
-251.964889035 -24.475190307 -204.826252596 18.325522308
-204.826252596 -24.475190307 -157.687616158 18.325522308
-204.826252596 18.325522308 -157.687616158 61.126234924
30.866929596 -110.076615537 78.005566035 -67.275902922
-16.271706842 -152.877328153 30.866929596 -110.076615537
30.866929596 -152.877328153 78.005566035 -110.076615537
30.866929596 -195.678040768 78.005566035 -152.877328153
-16.271706842 -195.678040768 30.866929596 -152.877328153
-16.271706842 -110.076615537 30.866929596 -67.275902922
30.866929596 18.325522308 78.005566035 61.126234924
-16.271706842 -67.275902922 30.866929596 -24.475190307
30.866929596 -24.475190307 78.005566035 18.325522308
-16.271706842 -24.475190307 30.866929596 18.325522308
30.866929596 -67.275902922 78.005566035 -24.475190307
-16.271706842 18.325522308 30.866929596 61.126234924
78.005566035 -110.076615537 125.144202473 -67.275902922
78.005566035 -67.275902922 125.144202473 -24.475190307
78.005566035 -152.877328153 125.144202473 -110.076615537
78.005566035 -195.678040768 125.144202473 -152.877328153
78.005566035 -24.475190307 125.144202473 18.325522308
78.005566035 18.325522308 125.144202473 61.126234924
78.005566035 61.126234924 125.144202473 103.926947539
78.005566035 103.926947539 125.144202473 146.727660154
78.005566035 146.727660154 125.144202473 189.528372769
78.005566035 189.528372769 125.144202473 232.329085385
-110.548979719 -110.076615537 -63.410343281 -67.275902922
-110.548979719 -195.678040768 -63.410343281 -152.877328153
-110.548979719 -152.877328153 -63.410343281 -110.076615537
-63.410343281 -152.877328153 -16.271706842 -110.076615537
-157.687616158 -152.877328153 -110.548979719 -110.076615537
-63.410343281 -195.678040768 -16.271706842 -152.877328153
-157.687616158 -195.678040768 -110.548979719 -152.877328153
-157.687616158 -110.076615537 -110.548979719 -67.275902922
-63.410343281 -110.076615537 -16.271706842 -67.275902922
219.421475350 -110.076615537 266.560111789 -67.275902922
125.144202473 -152.877328153 172.282838912 -110.076615537
219.421475350 -152.877328153 266.560111789 -110.076615537
172.282838912 -67.275902922 219.421475350 -24.475190307
172.282838912 -110.076615537 219.421475350 -67.275902922
125.144202473 -110.076615537 172.282838912 -67.275902922
125.144202473 -67.275902922 172.282838912 -24.475190307
219.421475350 -67.275902922 266.560111789 -24.475190307
-63.410343281 -24.475190307 -16.271706842 18.325522308
-63.410343281 -67.275902922 -16.271706842 -24.475190307
-157.687616158 -67.275902922 -110.548979719 -24.475190307
-110.548979719 -67.275902922 -63.410343281 -24.475190307
-157.687616158 -24.475190307 -110.548979719 18.325522308
-63.410343281 18.325522308 -16.271706842 61.126234924
-110.548979719 18.325522308 -63.410343281 61.126234924
-110.548979719 -24.475190307 -63.410343281 18.325522308
-157.687616158 18.325522308 -110.548979719 61.126234924
172.282838912 61.126234924 219.421475350 103.926947539
125.144202473 103.926947539 172.282838912 146.727660154
172.282838912 103.926947539 219.421475350 146.727660154
125.144202473 146.727660154 172.282838912 189.528372769
172.282838912 146.727660154 219.421475350 189.528372769
125.144202473 61.126234924 172.282838912 103.926947539
125.144202473 189.528372769 172.282838912 232.329085385
-251.964889035 61.126234924 -204.826252596 103.926947539
-204.826252596 103.926947539 -157.687616158 146.727660154
-251.964889035 103.926947539 -204.826252596 146.727660154
-204.826252596 61.126234924 -157.687616158 103.926947539
-251.964889035 146.727660154 -204.826252596 189.528372769
-204.826252596 146.727660154 -157.687616158 189.528372769
-63.410343281 61.126234924 -16.271706842 103.926947539
-157.687616158 103.926947539 -110.548979719 146.727660154
-110.548979719 61.126234924 -63.410343281 103.926947539
-110.548979719 103.926947539 -63.410343281 146.727660154
-157.687616158 146.727660154 -110.548979719 189.528372769
-110.548979719 146.727660154 -63.410343281 189.528372769
-63.410343281 103.926947539 -16.271706842 146.727660154
-63.410343281 146.727660154 -16.271706842 189.528372769
-157.687616158 189.528372769 -110.548979719 232.329085385
-110.548979719 189.528372769 -63.410343281 232.329085385
-63.410343281 189.528372769 -16.271706842 232.329085385
-157.687616158 232.329085385 -110.548979719 275.129798000
-63.410343281 232.329085385 -16.271706842 275.129798000
-16.271706842 61.126234924 30.866929596 103.926947539
30.866929596 103.926947539 78.005566035 146.727660154
-16.271706842 103.926947539 30.866929596 146.727660154
30.866929596 61.126234924 78.005566035 103.926947539
-16.271706842 146.727660154 30.866929596 189.528372769
30.866929596 146.727660154 78.005566035 189.528372769
-16.271706842 189.528372769 30.866929596 232.329085385
30.866929596 189.528372769 78.005566035 232.329085385
-16.271706842 232.329085385 30.866929596 275.129798000
172.282838912 -24.475190307 219.421475350 18.325522308
125.144202473 -24.475190307 172.282838912 18.325522308
219.421475350 -24.475190307 266.560111789 18.325522308
125.144202473 18.325522308 172.282838912 61.126234924
