402.876 329.582
2227.89 2864.03
234
-181.649991220 -19.861381645 -162.465430509 0.737474554
-162.465430509 -19.861381645 -143.280869798 0.737474554
-162.465430509 0.737474554 -143.280869798 21.336330753
-181.649991220 0.737474554 -162.465430509 21.336330753
-181.649991220 62.534043152 -162.465430509 83.132899351
-162.465430509 62.534043152 -143.280869798 83.132899351
-181.649991220 83.132899351 -162.465430509 103.731755550
-162.465430509 83.132899351 -143.280869798 103.731755550
-181.649991220 103.731755550 -162.465430509 124.330611749
-162.465430509 103.731755550 -143.280869798 124.330611749
-181.649991220 41.935186952 -162.465430509 62.534043152
-162.465430509 41.935186952 -143.280869798 62.534043152
-181.649991220 21.336330753 -162.465430509 41.935186952
-162.465430509 21.336330753 -143.280869798 41.935186952
-124.096309088 41.935186952 -104.911748377 62.534043152
-104.911748377 21.336330753 -85.727187666 41.935186952
-143.280869798 21.336330753 -124.096309088 41.935186952
-124.096309088 21.336330753 -104.911748377 41.935186952
-104.911748377 41.935186952 -85.727187666 62.534043152
-143.280869798 62.534043152 -124.096309088 83.132899351
-124.096309088 62.534043152 -104.911748377 83.132899351
-104.911748377 62.534043152 -85.727187666 83.132899351
-143.280869798 41.935186952 -124.096309088 62.534043152
-104.911748377 83.132899351 -85.727187666 103.731755550
-143.280869798 83.132899351 -124.096309088 103.731755550
-124.096309088 83.132899351 -104.911748377 103.731755550
-104.911748377 -122.855662642 -85.727187666 -102.256806442
-104.911748377 -143.454518841 -85.727187666 -122.855662642
-104.911748377 -102.256806442 -85.727187666 -81.657950243
-104.911748377 -81.657950243 -85.727187666 -61.059094044
-104.911748377 -61.059094044 -85.727187666 -40.460237845
-143.280869798 0.737474554 -124.096309088 21.336330753
-124.096309088 -19.861381645 -104.911748377 0.737474554
-104.911748377 -40.460237845 -85.727187666 -19.861381645
-143.280869798 -40.460237845 -124.096309088 -19.861381645
-124.096309088 -40.460237845 -104.911748377 -19.861381645
-104.911748377 -19.861381645 -85.727187666 0.737474554
-143.280869798 -19.861381645 -124.096309088 0.737474554
-124.096309088 0.737474554 -104.911748377 21.336330753
-104.911748377 0.737474554 -85.727187666 21.336330753
-47.358066244 83.132899351 -28.173505534 103.731755550
-66.542626955 62.534043152 -47.358066244 83.132899351
-47.358066244 62.534043152 -28.173505534 83.132899351
-28.173505534 62.534043152 -8.988944823 83.132899351
-85.727187666 62.534043152 -66.542626955 83.132899351
-66.542626955 83.132899351 -47.358066244 103.731755550
-28.173505534 103.731755550 -8.988944823 124.330611749
-28.173505534 83.132899351 -8.988944823 103.731755550
-85.727187666 83.132899351 -66.542626955 103.731755550
-66.542626955 103.731755550 -47.358066244 124.330611749
-47.358066244 103.731755550 -28.173505534 124.330611749
-85.727187666 103.731755550 -66.542626955 124.330611749
-8.988944823 83.132899351 10.195615888 103.731755550
10.195615888 62.534043152 29.380176599 83.132899351
29.380176599 62.534043152 48.564737310 83.132899351
-8.988944823 62.534043152 10.195615888 83.132899351
48.564737310 62.534043152 67.749298021 83.132899351
10.195615888 83.132899351 29.380176599 103.731755550
48.564737310 83.132899351 67.749298021 103.731755550
10.195615888 103.731755550 29.380176599 124.330611749
48.564737310 103.731755550 67.749298021 124.330611749
29.380176599 83.132899351 48.564737310 103.731755550
29.380176599 103.731755550 48.564737310 124.330611749
-8.988944823 103.731755550 10.195615888 124.330611749
125.302980153 62.534043152 144.487540864 83.132899351
125.302980153 83.132899351 144.487540864 103.731755550
144.487540864 62.534043152 163.672101575 83.132899351
67.749298021 103.731755550 86.933858731 124.330611749
106.118419442 62.534043152 125.302980153 83.132899351
86.933858731 83.132899351 106.118419442 103.731755550
67.749298021 83.132899351 86.933858731 103.731755550
67.749298021 62.534043152 86.933858731 83.132899351
86.933858731 62.534043152 106.118419442 83.132899351
106.118419442 83.132899351 125.302980153 103.731755550
86.933858731 103.731755550 106.118419442 124.330611749
-124.096309088 103.731755550 -104.911748377 124.330611749
-104.911748377 103.731755550 -85.727187666 124.330611749
-124.096309088 124.330611749 -104.911748377 144.929467949
-104.911748377 124.330611749 -85.727187666 144.929467949
-104.911748377 144.929467949 -85.727187666 165.528324148
-104.911748377 165.528324148 -85.727187666 186.127180347
163.672101575 62.534043152 182.856662285 83.132899351
163.672101575 83.132899351 182.856662285 103.731755550
-85.727187666 124.330611749 -66.542626955 144.929467949
-28.173505534 124.330611749 -8.988944823 144.929467949
-47.358066244 124.330611749 -28.173505534 144.929467949
-66.542626955 124.330611749 -47.358066244 144.929467949
-85.727187666 144.929467949 -66.542626955 165.528324148
-66.542626955 144.929467949 -47.358066244 165.528324148
-47.358066244 144.929467949 -28.173505534 165.528324148
-28.173505534 144.929467949 -8.988944823 165.528324148
-85.727187666 165.528324148 -66.542626955 186.127180347
-66.542626955 165.528324148 -47.358066244 186.127180347
-28.173505534 165.528324148 -8.988944823 186.127180347
-8.988944823 124.330611749 10.195615888 144.929467949
48.564737310 124.330611749 67.749298021 144.929467949
29.380176599 124.330611749 48.564737310 144.929467949
10.195615888 124.330611749 29.380176599 144.929467949
-8.988944823 144.929467949 10.195615888 165.528324148
10.195615888 144.929467949 29.380176599 165.528324148
29.380176599 144.929467949 48.564737310 165.528324148
-8.988944823 165.528324148 10.195615888 186.127180347
10.195615888 165.528324148 29.380176599 186.127180347
-85.727187666 -19.861381645 -66.542626955 0.737474554
-28.173505534 -19.861381645 -8.988944823 0.737474554
-47.358066244 -19.861381645 -28.173505534 0.737474554
-66.542626955 -19.861381645 -47.358066244 0.737474554
-85.727187666 0.737474554 -66.542626955 21.336330753
-66.542626955 0.737474554 -47.358066244 21.336330753
-47.358066244 0.737474554 -28.173505534 21.336330753
-28.173505534 0.737474554 -8.988944823 21.336330753
-85.727187666 21.336330753 -66.542626955 41.935186952
-66.542626955 21.336330753 -47.358066244 41.935186952
-47.358066244 21.336330753 -28.173505534 41.935186952
-28.173505534 21.336330753 -8.988944823 41.935186952
-85.727187666 41.935186952 -66.542626955 62.534043152
-66.542626955 41.935186952 -47.358066244 62.534043152
-47.358066244 41.935186952 -28.173505534 62.534043152
-28.173505534 41.935186952 -8.988944823 62.534043152
-47.358066244 -122.855662642 -28.173505534 -102.256806442
-28.173505534 -143.454518841 -8.988944823 -122.855662642
-47.358066244 -143.454518841 -28.173505534 -122.855662642
-47.358066244 -102.256806442 -28.173505534 -81.657950243
-85.727187666 -122.855662642 -66.542626955 -102.256806442
-28.173505534 -122.855662642 -8.988944823 -102.256806442
-85.727187666 -102.256806442 -66.542626955 -81.657950243
-66.542626955 -102.256806442 -47.358066244 -81.657950243
-28.173505534 -102.256806442 -8.988944823 -81.657950243
-66.542626955 -61.059094044 -47.358066244 -40.460237845
-66.542626955 -81.657950243 -47.358066244 -61.059094044
-47.358066244 -81.657950243 -28.173505534 -61.059094044
-85.727187666 -81.657950243 -66.542626955 -61.059094044
-28.173505534 -81.657950243 -8.988944823 -61.059094044
-85.727187666 -61.059094044 -66.542626955 -40.460237845
-28.173505534 -40.460237845 -8.988944823 -19.861381645
-47.358066244 -61.059094044 -28.173505534 -40.460237845
-28.173505534 -61.059094044 -8.988944823 -40.460237845
-66.542626955 -40.460237845 -47.358066244 -19.861381645
-47.358066244 -40.460237845 -28.173505534 -19.861381645
-85.727187666 -40.460237845 -66.542626955 -19.861381645
163.672101575 -61.059094044 182.856662285 -40.460237845
202.041222996 -81.657950243 221.225783707 -61.059094044
202.041222996 -40.460237845 221.225783707 -19.861381645
182.856662285 -61.059094044 202.041222996 -40.460237845
202.041222996 -61.059094044 221.225783707 -40.460237845
163.672101575 -40.460237845 182.856662285 -19.861381645
182.856662285 -40.460237845 202.041222996 -19.861381645
144.487540864 -40.460237845 163.672101575 -19.861381645
29.380176599 -102.256806442 48.564737310 -81.657950243
67.749298021 -143.454518841 86.933858731 -122.855662642
29.380176599 -143.454518841 48.564737310 -122.855662642
48.564737310 -122.855662642 67.749298021 -102.256806442
29.380176599 -122.855662642 48.564737310 -102.256806442
48.564737310 -143.454518841 67.749298021 -122.855662642
67.749298021 -122.855662642 86.933858731 -102.256806442
48.564737310 -81.657950243 67.749298021 -61.059094044
48.564737310 -102.256806442 67.749298021 -81.657950243
67.749298021 -102.256806442 86.933858731 -81.657950243
29.380176599 -81.657950243 48.564737310 -61.059094044
67.749298021 -81.657950243 86.933858731 -61.059094044
48.564737310 -61.059094044 67.749298021 -40.460237845
29.380176599 -61.059094044 48.564737310 -40.460237845
67.749298021 -61.059094044 86.933858731 -40.460237845
48.564737310 -40.460237845 67.749298021 -19.861381645
29.380176599 -40.460237845 48.564737310 -19.861381645
29.380176599 -19.861381645 48.564737310 0.737474554
48.564737310 -19.861381645 67.749298021 0.737474554
67.749298021 -19.861381645 86.933858731 0.737474554
29.380176599 0.737474554 48.564737310 21.336330753
48.564737310 0.737474554 67.749298021 21.336330753
67.749298021 0.737474554 86.933858731 21.336330753
29.380176599 21.336330753 48.564737310 41.935186952
48.564737310 21.336330753 67.749298021 41.935186952
67.749298021 21.336330753 86.933858731 41.935186952
67.749298021 -40.460237845 86.933858731 -19.861381645
48.564737310 41.935186952 67.749298021 62.534043152
29.380176599 41.935186952 48.564737310 62.534043152
67.749298021 41.935186952 86.933858731 62.534043152
106.118419442 -40.460237845 125.302980153 -19.861381645
125.302980153 -40.460237845 144.487540864 -19.861381645
86.933858731 -19.861381645 106.118419442 0.737474554
106.118419442 -19.861381645 125.302980153 0.737474554
125.302980153 -19.861381645 144.487540864 0.737474554
86.933858731 0.737474554 106.118419442 21.336330753
106.118419442 0.737474554 125.302980153 21.336330753
125.302980153 0.737474554 144.487540864 21.336330753
86.933858731 21.336330753 106.118419442 41.935186952
106.118419442 21.336330753 125.302980153 41.935186952
125.302980153 21.336330753 144.487540864 41.935186952
86.933858731 -40.460237845 106.118419442 -19.861381645
106.118419442 41.935186952 125.302980153 62.534043152
86.933858731 41.935186952 106.118419442 62.534043152
125.302980153 41.935186952 144.487540864 62.534043152
144.487540864 -19.861381645 163.672101575 0.737474554
182.856662285 -19.861381645 202.041222996 0.737474554
163.672101575 -19.861381645 182.856662285 0.737474554
144.487540864 0.737474554 163.672101575 21.336330753
163.672101575 0.737474554 182.856662285 21.336330753
182.856662285 0.737474554 202.041222996 21.336330753
144.487540864 21.336330753 163.672101575 41.935186952
163.672101575 21.336330753 182.856662285 41.935186952
144.487540864 41.935186952 163.672101575 62.534043152
163.672101575 41.935186952 182.856662285 62.534043152
182.856662285 41.935186952 202.041222996 62.534043152
86.933858731 -143.454518841 106.118419442 -122.855662642
106.118419442 -143.454518841 125.302980153 -122.855662642
86.933858731 -122.855662642 106.118419442 -102.256806442
106.118419442 -81.657950243 125.302980153 -61.059094044
106.118419442 -102.256806442 125.302980153 -81.657950243
86.933858731 -102.256806442 106.118419442 -81.657950243
86.933858731 -81.657950243 106.118419442 -61.059094044
106.118419442 -61.059094044 125.302980153 -40.460237845
125.302980153 -61.059094044 144.487540864 -40.460237845
86.933858731 -61.059094044 106.118419442 -40.460237845
-8.988944823 -102.256806442 10.195615888 -81.657950243
10.195615888 -61.059094044 29.380176599 -40.460237845
-8.988944823 -40.460237845 10.195615888 -19.861381645
10.195615888 -40.460237845 29.380176599 -19.861381645
-8.988944823 -81.657950243 10.195615888 -61.059094044
-8.988944823 -61.059094044 10.195615888 -40.460237845
10.195615888 -102.256806442 29.380176599 -81.657950243
10.195615888 -81.657950243 29.380176599 -61.059094044
-8.988944823 -19.861381645 10.195615888 0.737474554
10.195615888 0.737474554 29.380176599 21.336330753
-8.988944823 0.737474554 10.195615888 21.336330753
10.195615888 -19.861381645 29.380176599 0.737474554
-8.988944823 21.336330753 10.195615888 41.935186952
10.195615888 21.336330753 29.380176599 41.935186952
-8.988944823 41.935186952 10.195615888 62.534043152
10.195615888 41.935186952 29.380176599 62.534043152
10.195615888 -143.454518841 29.380176599 -122.855662642
-8.988944823 -143.454518841 10.195615888 -122.855662642
10.195615888 -122.855662642 29.380176599 -102.256806442
-8.988944823 -122.855662642 10.195615888 -102.256806442
