683
-213.485293898 -132.238126139 -192.596416199 -115.690456229
-234.374171598 -148.785796050 -213.485293898 -132.238126139
-255.263049297 -132.238126139 -234.374171598 -115.690456229
-213.485293898 -148.785796050 -192.596416199 -132.238126139
-255.263049297 -148.785796050 -234.374171598 -132.238126139
-234.374171598 -132.238126139 -213.485293898 -115.690456229
-213.485293898 -99.142786319 -192.596416199 -82.595116408
-234.374171598 -115.690456229 -213.485293898 -99.142786319
-213.485293898 -115.690456229 -192.596416199 -99.142786319
-234.374171598 -281.167155333 -213.485293898 -264.619485423
-213.485293898 -264.619485423 -192.596416199 -248.071815512
-213.485293898 -281.167155333 -192.596416199 -264.619485423
-213.485293898 -248.071815512 -192.596416199 -231.524145602
-317.929682396 -248.071815512 -297.040804696 -231.524145602
-276.151926997 -165.333465960 -255.263049297 -148.785796050
-276.151926997 -181.881135871 -255.263049297 -165.333465960
-192.596416199 -248.071815512 -171.707538499 -231.524145602
-192.596416199 -264.619485423 -171.707538499 -248.071815512
-192.596416199 -198.428805781 -171.707538499 -181.881135871
-171.707538499 -214.976475691 -150.818660800 -198.428805781
-171.707538499 -231.524145602 -150.818660800 -214.976475691
-192.596416199 -231.524145602 -171.707538499 -214.976475691
-192.596416199 -214.976475691 -171.707538499 -198.428805781
-171.707538499 -248.071815512 -150.818660800 -231.524145602
-171.707538499 -198.428805781 -150.818660800 -181.881135871
-297.040804696 -248.071815512 -276.151926997 -231.524145602
-297.040804696 -198.428805781 -276.151926997 -181.881135871
-276.151926997 -214.976475691 -255.263049297 -198.428805781
-276.151926997 -231.524145602 -255.263049297 -214.976475691
-297.040804696 -231.524145602 -276.151926997 -214.976475691
-297.040804696 -214.976475691 -276.151926997 -198.428805781
-276.151926997 -198.428805781 -255.263049297 -181.881135871
-171.707538499 -148.785796050 -150.818660800 -132.238126139
-192.596416199 -181.881135871 -171.707538499 -165.333465960
-171.707538499 -181.881135871 -150.818660800 -165.333465960
-192.596416199 -165.333465960 -171.707538499 -148.785796050
-171.707538499 -165.333465960 -150.818660800 -148.785796050
-192.596416199 -132.238126139 -171.707538499 -115.690456229
-192.596416199 -148.785796050 -171.707538499 -132.238126139
-171.707538499 -99.142786319 -150.818660800 -82.595116408
-192.596416199 -99.142786319 -171.707538499 -82.595116408
-192.596416199 -82.595116408 -171.707538499 -66.047446498
-171.707538499 -82.595116408 -150.818660800 -66.047446498
-213.485293898 -198.428805781 -192.596416199 -181.881135871
-234.374171598 -214.976475691 -213.485293898 -198.428805781
-255.263049297 -198.428805781 -234.374171598 -181.881135871
-213.485293898 -214.976475691 -192.596416199 -198.428805781
-255.263049297 -214.976475691 -234.374171598 -198.428805781
-234.374171598 -198.428805781 -213.485293898 -181.881135871
-213.485293898 -165.333465960 -192.596416199 -148.785796050
-255.263049297 -181.881135871 -234.374171598 -165.333465960
-234.374171598 -181.881135871 -213.485293898 -165.333465960
-213.485293898 -181.881135871 -192.596416199 -165.333465960
-255.263049297 -165.333465960 -234.374171598 -148.785796050
-234.374171598 -165.333465960 -213.485293898 -148.785796050
-317.929682396 -49.499776588 -297.040804696 -32.952106677
-317.929682396 0.143233144 -297.040804696 16.690903054
-317.929682396 -16.404436767 -297.040804696 0.143233144
-317.929682396 -32.952106677 -297.040804696 -16.404436767
-192.596416199 -49.499776588 -171.707538499 -32.952106677
-171.707538499 -49.499776588 -150.818660800 -32.952106677
-192.596416199 -66.047446498 -171.707538499 -49.499776588
-171.707538499 -66.047446498 -150.818660800 -49.499776588
-171.707538499 -32.952106677 -150.818660800 -16.404436767
-213.485293898 -16.404436767 -192.596416199 0.143233144
-171.707538499 -16.404436767 -150.818660800 0.143233144
-276.151926997 0.143233144 -255.263049297 16.690903054
-297.040804696 -32.952106677 -276.151926997 -16.404436767
-276.151926997 -16.404436767 -255.263049297 0.143233144
-297.040804696 -16.404436767 -276.151926997 0.143233144
-276.151926997 -32.952106677 -255.263049297 -16.404436767
-297.040804696 0.143233144 -276.151926997 16.690903054
-255.263049297 0.143233144 -234.374171598 16.690903054
-234.374171598 -16.404436767 -213.485293898 0.143233144
-255.263049297 -16.404436767 -234.374171598 0.143233144
-234.374171598 0.143233144 -213.485293898 16.690903054
120.736749294 -231.524145602 141.625626993 -214.976475691
120.736749294 -214.976475691 141.625626993 -198.428805781
120.736749294 -248.071815512 141.625626993 -231.524145602
141.625626993 -231.524145602 162.514504693 -214.976475691
141.625626993 -248.071815512 162.514504693 -231.524145602
141.625626993 -264.619485423 162.514504693 -248.071815512
162.514504693 -231.524145602 183.403382392 -214.976475691
162.514504693 -248.071815512 183.403382392 -231.524145602
141.625626993 -214.976475691 162.514504693 -198.428805781
162.514504693 -214.976475691 183.403382392 -198.428805781
162.514504693 -181.881135871 183.403382392 -165.333465960
183.403382392 -181.881135871 204.292260092 -165.333465960
162.514504693 -198.428805781 183.403382392 -181.881135871
141.625626993 -181.881135871 162.514504693 -165.333465960
183.403382392 -198.428805781 204.292260092 -181.881135871
141.625626993 -198.428805781 162.514504693 -181.881135871
120.736749294 -181.881135871 141.625626993 -165.333465960
141.625626993 -165.333465960 162.514504693 -148.785796050
120.736749294 -198.428805781 141.625626993 -181.881135871
120.736749294 -165.333465960 141.625626993 -148.785796050
99.847871594 -198.428805781 120.736749294 -181.881135871
58.070116195 -214.976475691 78.958993895 -198.428805781
58.070116195 -181.881135871 78.958993895 -165.333465960
58.070116195 -198.428805781 78.958993895 -181.881135871
78.958993895 -181.881135871 99.847871594 -165.333465960
78.958993895 -214.976475691 99.847871594 -198.428805781
78.958993895 -198.428805781 99.847871594 -181.881135871
99.847871594 -214.976475691 120.736749294 -198.428805781
99.847871594 -181.881135871 120.736749294 -165.333465960
58.070116195 -165.333465960 78.958993895 -148.785796050
78.958993895 -165.333465960 99.847871594 -148.785796050
99.847871594 -165.333465960 120.736749294 -148.785796050
99.847871594 -248.071815512 120.736749294 -231.524145602
58.070116195 -264.619485423 78.958993895 -248.071815512
78.958993895 -264.619485423 99.847871594 -248.071815512
58.070116195 -281.167155333 78.958993895 -264.619485423
58.070116195 -248.071815512 78.958993895 -231.524145602
78.958993895 -231.524145602 99.847871594 -214.976475691
78.958993895 -248.071815512 99.847871594 -231.524145602
58.070116195 -231.524145602 78.958993895 -214.976475691
99.847871594 -231.524145602 120.736749294 -214.976475691
-150.818660800 -214.976475691 -129.929783100 -198.428805781
-129.929783100 -198.428805781 -109.040905401 -181.881135871
-109.040905401 -214.976475691 -88.152027701 -198.428805781
-129.929783100 -214.976475691 -109.040905401 -198.428805781
-150.818660800 -198.428805781 -129.929783100 -181.881135871
-109.040905401 -198.428805781 -88.152027701 -181.881135871
-150.818660800 -181.881135871 -129.929783100 -165.333465960
-129.929783100 -181.881135871 -109.040905401 -165.333465960
-109.040905401 -181.881135871 -88.152027701 -165.333465960
-150.818660800 -165.333465960 -129.929783100 -148.785796050
-129.929783100 -165.333465960 -109.040905401 -148.785796050
-109.040905401 -165.333465960 -88.152027701 -148.785796050
-150.818660800 -148.785796050 -129.929783100 -132.238126139
-129.929783100 -148.785796050 -109.040905401 -132.238126139
-109.040905401 -148.785796050 -88.152027701 -132.238126139
-109.040905401 -248.071815512 -88.152027701 -231.524145602
-129.929783100 -248.071815512 -109.040905401 -231.524145602
-129.929783100 -231.524145602 -109.040905401 -214.976475691
-150.818660800 -248.071815512 -129.929783100 -231.524145602
-150.818660800 -231.524145602 -129.929783100 -214.976475691
-109.040905401 -231.524145602 -88.152027701 -214.976475691
-88.152027701 -181.881135871 -67.263150002 -165.333465960
-67.263150002 -165.333465960 -46.374272302 -148.785796050
-88.152027701 -165.333465960 -67.263150002 -148.785796050
-67.263150002 -181.881135871 -46.374272302 -165.333465960
-88.152027701 -148.785796050 -67.263150002 -132.238126139
-67.263150002 -148.785796050 -46.374272302 -132.238126139
37.181238496 -148.785796050 58.070116195 -132.238126139
37.181238496 -181.881135871 58.070116195 -165.333465960
16.292360796 -165.333465960 37.181238496 -148.785796050
16.292360796 -181.881135871 37.181238496 -165.333465960
16.292360796 -148.785796050 37.181238496 -132.238126139
37.181238496 -165.333465960 58.070116195 -148.785796050
58.070116195 -148.785796050 78.958993895 -132.238126139
120.736749294 -148.785796050 141.625626993 -132.238126139
141.625626993 -148.785796050 162.514504693 -132.238126139
-25.485394603 -214.976475691 -4.596516903 -198.428805781
-4.596516903 -214.976475691 16.292360796 -198.428805781
-4.596516903 -198.428805781 16.292360796 -181.881135871
-46.374272302 -181.881135871 -25.485394603 -165.333465960
-4.596516903 -181.881135871 16.292360796 -165.333465960
-46.374272302 -165.333465960 -25.485394603 -148.785796050
-25.485394603 -165.333465960 -4.596516903 -148.785796050
-46.374272302 -148.785796050 -25.485394603 -132.238126139
-25.485394603 -148.785796050 -4.596516903 -132.238126139
-4.596516903 -148.785796050 16.292360796 -132.238126139
37.181238496 -231.524145602 58.070116195 -214.976475691
37.181238496 -264.619485423 58.070116195 -248.071815512
37.181238496 -248.071815512 58.070116195 -231.524145602
16.292360796 -248.071815512 37.181238496 -231.524145602
37.181238496 -281.167155333 58.070116195 -264.619485423
16.292360796 -231.524145602 37.181238496 -214.976475691
16.292360796 -198.428805781 37.181238496 -181.881135871
16.292360796 -214.976475691 37.181238496 -198.428805781
37.181238496 -214.976475691 58.070116195 -198.428805781
37.181238496 -198.428805781 58.070116195 -181.881135871
-88.152027701 -198.428805781 -67.263150002 -181.881135871
-88.152027701 -214.976475691 -67.263150002 -198.428805781
-25.485394603 -264.619485423 -4.596516903 -248.071815512
-46.374272302 -281.167155333 -25.485394603 -264.619485423
-4.596516903 -264.619485423 16.292360796 -248.071815512
-46.374272302 -248.071815512 -25.485394603 -231.524145602
-4.596516903 -248.071815512 16.292360796 -231.524145602
-25.485394603 -248.071815512 -4.596516903 -231.524145602
-46.374272302 -264.619485423 -25.485394603 -248.071815512
-4.596516903 -231.524145602 16.292360796 -214.976475691
-25.485394603 -231.524145602 -4.596516903 -214.976475691
-129.929783100 -115.690456229 -109.040905401 -99.142786319
-150.818660800 -132.238126139 -129.929783100 -115.690456229
-150.818660800 -115.690456229 -129.929783100 -99.142786319
-129.929783100 -99.142786319 -109.040905401 -82.595116408
-129.929783100 -132.238126139 -109.040905401 -115.690456229
-88.152027701 -99.142786319 -67.263150002 -82.595116408
-109.040905401 -115.690456229 -88.152027701 -99.142786319
-88.152027701 -132.238126139 -67.263150002 -115.690456229
-109.040905401 -132.238126139 -88.152027701 -115.690456229
-109.040905401 -99.142786319 -88.152027701 -82.595116408
-88.152027701 -115.690456229 -67.263150002 -99.142786319
-150.818660800 -82.595116408 -129.929783100 -66.047446498
-129.929783100 -82.595116408 -109.040905401 -66.047446498
-109.040905401 -82.595116408 -88.152027701 -66.047446498
-88.152027701 -82.595116408 -67.263150002 -66.047446498
120.736749294 -99.142786319 141.625626993 -82.595116408
58.070116195 -132.238126139 78.958993895 -115.690456229
58.070116195 -115.690456229 78.958993895 -99.142786319
78.958993895 -115.690456229 99.847871594 -99.142786319
78.958993895 -132.238126139 99.847871594 -115.690456229
99.847871594 -132.238126139 120.736749294 -115.690456229
99.847871594 -99.142786319 120.736749294 -82.595116408
78.958993895 -99.142786319 99.847871594 -82.595116408
99.847871594 -115.690456229 120.736749294 -99.142786319
58.070116195 -99.142786319 78.958993895 -82.595116408
120.736749294 -115.690456229 141.625626993 -99.142786319
120.736749294 -132.238126139 141.625626993 -115.690456229
58.070116195 -82.595116408 78.958993895 -66.047446498
78.958993895 -82.595116408 99.847871594 -66.047446498
99.847871594 -82.595116408 120.736749294 -66.047446498
120.736749294 -82.595116408 141.625626993 -66.047446498
141.625626993 -99.142786319 162.514504693 -82.595116408
141.625626993 -132.238126139 162.514504693 -115.690456229
141.625626993 -115.690456229 162.514504693 -99.142786319
162.514504693 -115.690456229 183.403382392 -99.142786319
162.514504693 -132.238126139 183.403382392 -115.690456229
162.514504693 -99.142786319 183.403382392 -82.595116408
141.625626993 -82.595116408 162.514504693 -66.047446498
162.514504693 -82.595116408 183.403382392 -66.047446498
-67.263150002 -115.690456229 -46.374272302 -99.142786319
-67.263150002 -132.238126139 -46.374272302 -115.690456229
-46.374272302 -132.238126139 -25.485394603 -115.690456229
-46.374272302 -115.690456229 -25.485394603 -99.142786319
-67.263150002 -99.142786319 -46.374272302 -82.595116408
-46.374272302 -99.142786319 -25.485394603 -82.595116408
-67.263150002 -82.595116408 -46.374272302 -66.047446498
204.292260092 -99.142786319 225.181137791 -82.595116408
183.403382392 -99.142786319 204.292260092 -82.595116408
183.403382392 -115.690456229 204.292260092 -99.142786319
225.181137791 -132.238126139 246.070015491 -115.690456229
204.292260092 -115.690456229 225.181137791 -99.142786319
225.181137791 -115.690456229 246.070015491 -99.142786319
225.181137791 -99.142786319 246.070015491 -82.595116408
246.070015491 -99.142786319 266.958893190 -82.595116408
183.403382392 -82.595116408 204.292260092 -66.047446498
204.292260092 -82.595116408 225.181137791 -66.047446498
225.181137791 -82.595116408 246.070015491 -66.047446498
246.070015491 -82.595116408 266.958893190 -66.047446498
-25.485394603 -115.690456229 -4.596516903 -99.142786319
-4.596516903 -132.238126139 16.292360796 -115.690456229
-4.596516903 -115.690456229 16.292360796 -99.142786319
-25.485394603 -132.238126139 -4.596516903 -115.690456229
16.292360796 -132.238126139 37.181238496 -115.690456229
16.292360796 -115.690456229 37.181238496 -99.142786319
37.181238496 -115.690456229 58.070116195 -99.142786319
37.181238496 -132.238126139 58.070116195 -115.690456229
-25.485394603 -99.142786319 -4.596516903 -82.595116408
-4.596516903 -99.142786319 16.292360796 -82.595116408
16.292360796 -99.142786319 37.181238496 -82.595116408
37.181238496 -99.142786319 58.070116195 -82.595116408
-4.596516903 -82.595116408 16.292360796 -66.047446498
16.292360796 -82.595116408 37.181238496 -66.047446498
37.181238496 -82.595116408 58.070116195 -66.047446498
58.070116195 -66.047446498 78.958993895 -49.499776588
58.070116195 -49.499776588 78.958993895 -32.952106677
78.958993895 -49.499776588 99.847871594 -32.952106677
120.736749294 -66.047446498 141.625626993 -49.499776588
120.736749294 -49.499776588 141.625626993 -32.952106677
141.625626993 -66.047446498 162.514504693 -49.499776588
141.625626993 -49.499776588 162.514504693 -32.952106677
-109.040905401 -49.499776588 -88.152027701 -32.952106677
-150.818660800 -49.499776588 -129.929783100 -32.952106677
-129.929783100 -49.499776588 -109.040905401 -32.952106677
-129.929783100 -66.047446498 -109.040905401 -49.499776588
-150.818660800 -66.047446498 -129.929783100 -49.499776588
-67.263150002 -49.499776588 -46.374272302 -32.952106677
-88.152027701 -66.047446498 -67.263150002 -49.499776588
-88.152027701 -49.499776588 -67.263150002 -32.952106677
-109.040905401 -66.047446498 -88.152027701 -49.499776588
-46.374272302 -49.499776588 -25.485394603 -32.952106677
162.514504693 -66.047446498 183.403382392 -49.499776588
246.070015491 -66.047446498 266.958893190 -49.499776588
266.958893190 -66.047446498 287.847770890 -49.499776588
225.181137791 -66.047446498 246.070015491 -49.499776588
204.292260092 -66.047446498 225.181137791 -49.499776588
183.403382392 -66.047446498 204.292260092 -49.499776588
162.514504693 -49.499776588 183.403382392 -32.952106677
183.403382392 -49.499776588 204.292260092 -32.952106677
204.292260092 -49.499776588 225.181137791 -32.952106677
225.181137791 -49.499776588 246.070015491 -32.952106677
246.070015491 -49.499776588 266.958893190 -32.952106677
266.958893190 -49.499776588 287.847770890 -32.952106677
-25.485394603 -49.499776588 -4.596516903 -32.952106677
-4.596516903 -66.047446498 16.292360796 -49.499776588
-4.596516903 -49.499776588 16.292360796 -32.952106677
-25.485394603 -66.047446498 -4.596516903 -49.499776588
16.292360796 -66.047446498 37.181238496 -49.499776588
16.292360796 -49.499776588 37.181238496 -32.952106677
37.181238496 -49.499776588 58.070116195 -32.952106677
37.181238496 -66.047446498 58.070116195 -49.499776588
-109.040905401 -16.404436767 -88.152027701 0.143233144
-150.818660800 -32.952106677 -129.929783100 -16.404436767
-129.929783100 -16.404436767 -109.040905401 0.143233144
-129.929783100 -32.952106677 -109.040905401 -16.404436767
-150.818660800 -16.404436767 -129.929783100 0.143233144
-67.263150002 -16.404436767 -46.374272302 0.143233144
-88.152027701 -32.952106677 -67.263150002 -16.404436767
-88.152027701 -16.404436767 -67.263150002 0.143233144
-109.040905401 -32.952106677 -88.152027701 -16.404436767
-46.374272302 -16.404436767 -25.485394603 0.143233144
-67.263150002 -32.952106677 -46.374272302 -16.404436767
-46.374272302 -32.952106677 -25.485394603 -16.404436767
-109.040905401 0.143233144 -88.152027701 16.690903054
-88.152027701 0.143233144 -67.263150002 16.690903054
-25.485394603 -16.404436767 -4.596516903 0.143233144
-4.596516903 -32.952106677 16.292360796 -16.404436767
-4.596516903 -16.404436767 16.292360796 0.143233144
-25.485394603 -32.952106677 -4.596516903 -16.404436767
16.292360796 -16.404436767 37.181238496 0.143233144
37.181238496 0.143233144 58.070116195 16.690903054
16.292360796 0.143233144 37.181238496 16.690903054
99.847871594 -16.404436767 120.736749294 0.143233144
58.070116195 -32.952106677 78.958993895 -16.404436767
58.070116195 -16.404436767 78.958993895 0.143233144
78.958993895 -16.404436767 99.847871594 0.143233144
78.958993895 -32.952106677 99.847871594 -16.404436767
99.847871594 -32.952106677 120.736749294 -16.404436767
120.736749294 -32.952106677 141.625626993 -16.404436767
120.736749294 -16.404436767 141.625626993 0.143233144
141.625626993 -32.952106677 162.514504693 -16.404436767
141.625626993 -16.404436767 162.514504693 0.143233144
78.958993895 0.143233144 99.847871594 16.690903054
162.514504693 -32.952106677 183.403382392 -16.404436767
225.181137791 -32.952106677 246.070015491 -16.404436767
204.292260092 -32.952106677 225.181137791 -16.404436767
183.403382392 -32.952106677 204.292260092 -16.404436767
162.514504693 -16.404436767 183.403382392 0.143233144
183.403382392 -16.404436767 204.292260092 0.143233144
204.292260092 -16.404436767 225.181137791 0.143233144
246.070015491 -16.404436767 266.958893190 0.143233144
266.958893190 -16.404436767 287.847770890 0.143233144
204.292260092 0.143233144 225.181137791 16.690903054
225.181137791 0.143233144 246.070015491 16.690903054
266.958893190 0.143233144 287.847770890 16.690903054
246.070015491 0.143233144 266.958893190 16.690903054
183.403382392 0.143233144 204.292260092 16.690903054
162.514504693 0.143233144 183.403382392 16.690903054
-4.596516903 0.143233144 16.292360796 16.690903054
-4.596516903 33.238572964 16.292360796 49.786242875
16.292360796 16.690903054 37.181238496 33.238572964
-4.596516903 16.690903054 16.292360796 33.238572964
16.292360796 33.238572964 37.181238496 49.786242875
37.181238496 16.690903054 58.070116195 33.238572964
37.181238496 33.238572964 58.070116195 49.786242875
-171.707538499 16.690903054 -150.818660800 33.238572964
-213.485293898 33.238572964 -192.596416199 49.786242875
-213.485293898 0.143233144 -192.596416199 16.690903054
-213.485293898 16.690903054 -192.596416199 33.238572964
-192.596416199 16.690903054 -171.707538499 33.238572964
-192.596416199 33.238572964 -171.707538499 49.786242875
-192.596416199 0.143233144 -171.707538499 16.690903054
-150.818660800 16.690903054 -129.929783100 33.238572964
-150.818660800 0.143233144 -129.929783100 16.690903054
-171.707538499 33.238572964 -150.818660800 49.786242875
-150.818660800 33.238572964 -129.929783100 49.786242875
-25.485394603 16.690903054 -4.596516903 33.238572964
-46.374272302 16.690903054 -25.485394603 33.238572964
-88.152027701 33.238572964 -67.263150002 49.786242875
-46.374272302 0.143233144 -25.485394603 16.690903054
-88.152027701 16.690903054 -67.263150002 33.238572964
-67.263150002 16.690903054 -46.374272302 33.238572964
-67.263150002 33.238572964 -46.374272302 49.786242875
-46.374272302 33.238572964 -25.485394603 49.786242875
-67.263150002 0.143233144 -46.374272302 16.690903054
-25.485394603 33.238572964 -4.596516903 49.786242875
-25.485394603 0.143233144 -4.596516903 16.690903054
-25.485394603 49.786242875 -4.596516903 66.333912785
-109.040905401 49.786242875 -88.152027701 66.333912785
-88.152027701 49.786242875 -67.263150002 66.333912785
-67.263150002 49.786242875 -46.374272302 66.333912785
-46.374272302 49.786242875 -25.485394603 66.333912785
58.070116195 49.786242875 78.958993895 66.333912785
-4.596516903 49.786242875 16.292360796 66.333912785
16.292360796 49.786242875 37.181238496 66.333912785
37.181238496 49.786242875 58.070116195 66.333912785
99.847871594 49.786242875 120.736749294 66.333912785
78.958993895 49.786242875 99.847871594 66.333912785
141.625626993 49.786242875 162.514504693 66.333912785
120.736749294 49.786242875 141.625626993 66.333912785
-129.929783100 33.238572964 -109.040905401 49.786242875
-109.040905401 16.690903054 -88.152027701 33.238572964
-129.929783100 0.143233144 -109.040905401 16.690903054
-129.929783100 16.690903054 -109.040905401 33.238572964
-150.818660800 99.429252606 -129.929783100 115.976922516
-192.596416199 99.429252606 -171.707538499 115.976922516
-171.707538499 99.429252606 -150.818660800 115.976922516
-213.485293898 99.429252606 -192.596416199 115.976922516
-129.929783100 99.429252606 -109.040905401 115.976922516
-4.596516903 66.333912785 16.292360796 82.881582696
-109.040905401 66.333912785 -88.152027701 82.881582696
-25.485394603 66.333912785 -4.596516903 82.881582696
-67.263150002 66.333912785 -46.374272302 82.881582696
-46.374272302 66.333912785 -25.485394603 82.881582696
120.736749294 66.333912785 141.625626993 82.881582696
58.070116195 66.333912785 78.958993895 82.881582696
16.292360796 66.333912785 37.181238496 82.881582696
37.181238496 66.333912785 58.070116195 82.881582696
99.847871594 66.333912785 120.736749294 82.881582696
78.958993895 66.333912785 99.847871594 82.881582696
141.625626993 66.333912785 162.514504693 82.881582696
-129.929783100 82.881582696 -109.040905401 99.429252606
-192.596416199 82.881582696 -171.707538499 99.429252606
-171.707538499 82.881582696 -150.818660800 99.429252606
-213.485293898 82.881582696 -192.596416199 99.429252606
-150.818660800 82.881582696 -129.929783100 99.429252606
-171.707538499 66.333912785 -150.818660800 82.881582696
-192.596416199 66.333912785 -171.707538499 82.881582696
-213.485293898 66.333912785 -192.596416199 82.881582696
-129.929783100 66.333912785 -109.040905401 82.881582696
-150.818660800 66.333912785 -129.929783100 82.881582696
-4.596516903 82.881582696 16.292360796 99.429252606
-25.485394603 82.881582696 -4.596516903 99.429252606
-109.040905401 82.881582696 -88.152027701 99.429252606
-67.263150002 82.881582696 -46.374272302 99.429252606
-46.374272302 82.881582696 -25.485394603 99.429252606
120.736749294 82.881582696 141.625626993 99.429252606
58.070116195 82.881582696 78.958993895 99.429252606
16.292360796 82.881582696 37.181238496 99.429252606
37.181238496 82.881582696 58.070116195 99.429252606
78.958993895 82.881582696 99.847871594 99.429252606
99.847871594 82.881582696 120.736749294 99.429252606
141.625626993 82.881582696 162.514504693 99.429252606
-109.040905401 99.429252606 -88.152027701 115.976922516
-67.263150002 99.429252606 -46.374272302 115.976922516
16.292360796 99.429252606 37.181238496 115.976922516
-4.596516903 99.429252606 16.292360796 115.976922516
-25.485394603 99.429252606 -4.596516903 115.976922516
-46.374272302 99.429252606 -25.485394603 115.976922516
37.181238496 99.429252606 58.070116195 115.976922516
99.847871594 99.429252606 120.736749294 115.976922516
78.958993895 99.429252606 99.847871594 115.976922516
58.070116195 99.429252606 78.958993895 115.976922516
141.625626993 99.429252606 162.514504693 115.976922516
-129.929783100 49.786242875 -109.040905401 66.333912785
-192.596416199 49.786242875 -171.707538499 66.333912785
-171.707538499 49.786242875 -150.818660800 66.333912785
-213.485293898 49.786242875 -192.596416199 66.333912785
-150.818660800 49.786242875 -129.929783100 66.333912785
99.847871594 16.690903054 120.736749294 33.238572964
99.847871594 0.143233144 120.736749294 16.690903054
120.736749294 16.690903054 141.625626993 33.238572964
78.958993895 16.690903054 99.847871594 33.238572964
120.736749294 0.143233144 141.625626993 16.690903054
141.625626993 16.690903054 162.514504693 33.238572964
58.070116195 16.690903054 78.958993895 33.238572964
141.625626993 0.143233144 162.514504693 16.690903054
58.070116195 33.238572964 78.958993895 49.786242875
78.958993895 33.238572964 99.847871594 49.786242875
99.847871594 33.238572964 120.736749294 49.786242875
120.736749294 33.238572964 141.625626993 49.786242875
141.625626993 33.238572964 162.514504693 49.786242875
225.181137791 66.333912785 246.070015491 82.881582696
204.292260092 66.333912785 225.181137791 82.881582696
246.070015491 66.333912785 266.958893190 82.881582696
266.958893190 66.333912785 287.847770890 82.881582696
287.847770890 66.333912785 308.736648589 82.881582696
162.514504693 49.786242875 183.403382392 66.333912785
225.181137791 49.786242875 246.070015491 66.333912785
204.292260092 49.786242875 225.181137791 66.333912785
246.070015491 49.786242875 266.958893190 66.333912785
266.958893190 49.786242875 287.847770890 66.333912785
287.847770890 49.786242875 308.736648589 66.333912785
183.403382392 115.976922516 204.292260092 132.524592427
162.514504693 99.429252606 183.403382392 115.976922516
162.514504693 115.976922516 183.403382392 132.524592427
162.514504693 82.881582696 183.403382392 99.429252606
204.292260092 99.429252606 225.181137791 115.976922516
183.403382392 99.429252606 204.292260092 115.976922516
204.292260092 82.881582696 225.181137791 99.429252606
183.403382392 82.881582696 204.292260092 99.429252606
204.292260092 115.976922516 225.181137791 132.524592427
141.625626993 115.976922516 162.514504693 132.524592427
204.292260092 16.690903054 225.181137791 33.238572964
225.181137791 16.690903054 246.070015491 33.238572964
246.070015491 16.690903054 266.958893190 33.238572964
287.847770890 16.690903054 308.736648589 33.238572964
266.958893190 16.690903054 287.847770890 33.238572964
183.403382392 16.690903054 204.292260092 33.238572964
162.514504693 16.690903054 183.403382392 33.238572964
162.514504693 33.238572964 183.403382392 49.786242875
183.403382392 33.238572964 204.292260092 49.786242875
204.292260092 33.238572964 225.181137791 49.786242875
225.181137791 33.238572964 246.070015491 49.786242875
246.070015491 33.238572964 266.958893190 49.786242875
266.958893190 33.238572964 287.847770890 49.786242875
287.847770890 33.238572964 308.736648589 49.786242875
225.181137791 99.429252606 246.070015491 115.976922516
246.070015491 82.881582696 266.958893190 99.429252606
225.181137791 82.881582696 246.070015491 99.429252606
246.070015491 99.429252606 266.958893190 115.976922516
225.181137791 115.976922516 246.070015491 132.524592427
246.070015491 115.976922516 266.958893190 132.524592427
-338.818560095 49.786242875 -317.929682396 66.333912785
-317.929682396 99.429252606 -297.040804696 115.976922516
-338.818560095 66.333912785 -317.929682396 82.881582696
-317.929682396 82.881582696 -297.040804696 99.429252606
-338.818560095 82.881582696 -317.929682396 99.429252606
-317.929682396 66.333912785 -297.040804696 82.881582696
-317.929682396 132.524592427 -297.040804696 149.072262337
-317.929682396 115.976922516 -297.040804696 132.524592427
-276.151926997 49.786242875 -255.263049297 66.333912785
-297.040804696 33.238572964 -276.151926997 49.786242875
-276.151926997 33.238572964 -255.263049297 49.786242875
-297.040804696 16.690903054 -276.151926997 33.238572964
-276.151926997 16.690903054 -255.263049297 33.238572964
-276.151926997 99.429252606 -255.263049297 115.976922516
-297.040804696 82.881582696 -276.151926997 99.429252606
-276.151926997 66.333912785 -255.263049297 82.881582696
-297.040804696 99.429252606 -276.151926997 115.976922516
-276.151926997 149.072262337 -255.263049297 165.619932248
-297.040804696 132.524592427 -276.151926997 149.072262337
-276.151926997 132.524592427 -255.263049297 149.072262337
-297.040804696 115.976922516 -276.151926997 132.524592427
-276.151926997 115.976922516 -255.263049297 132.524592427
-297.040804696 149.072262337 -276.151926997 165.619932248
-297.040804696 165.619932248 -276.151926997 182.167602158
-276.151926997 182.167602158 -255.263049297 198.715272068
-276.151926997 165.619932248 -255.263049297 182.167602158
-213.485293898 149.072262337 -192.596416199 165.619932248
-171.707538499 132.524592427 -150.818660800 149.072262337
-213.485293898 132.524592427 -192.596416199 149.072262337
-213.485293898 115.976922516 -192.596416199 132.524592427
-171.707538499 115.976922516 -150.818660800 132.524592427
-192.596416199 149.072262337 -171.707538499 165.619932248
-171.707538499 149.072262337 -150.818660800 165.619932248
-213.485293898 165.619932248 -192.596416199 182.167602158
-255.263049297 165.619932248 -234.374171598 182.167602158
-255.263049297 132.524592427 -234.374171598 149.072262337
-255.263049297 149.072262337 -234.374171598 165.619932248
-234.374171598 149.072262337 -213.485293898 165.619932248
-234.374171598 132.524592427 -213.485293898 149.072262337
-255.263049297 115.976922516 -234.374171598 132.524592427
-234.374171598 115.976922516 -213.485293898 132.524592427
-234.374171598 165.619932248 -213.485293898 182.167602158
-255.263049297 182.167602158 -234.374171598 198.715272068
-234.374171598 33.238572964 -213.485293898 49.786242875
-255.263049297 16.690903054 -234.374171598 33.238572964
-234.374171598 16.690903054 -213.485293898 33.238572964
-255.263049297 33.238572964 -234.374171598 49.786242875
-255.263049297 99.429252606 -234.374171598 115.976922516
-234.374171598 66.333912785 -213.485293898 82.881582696
-255.263049297 66.333912785 -234.374171598 82.881582696
-255.263049297 49.786242875 -234.374171598 66.333912785
-234.374171598 82.881582696 -213.485293898 99.429252606
-234.374171598 49.786242875 -213.485293898 66.333912785
-255.263049297 82.881582696 -234.374171598 99.429252606
-234.374171598 99.429252606 -213.485293898 115.976922516
-150.818660800 132.524592427 -129.929783100 149.072262337
-150.818660800 149.072262337 -129.929783100 165.619932248
-150.818660800 182.167602158 -129.929783100 198.715272068
-150.818660800 165.619932248 -129.929783100 182.167602158
16.292360796 115.976922516 37.181238496 132.524592427
16.292360796 149.072262337 37.181238496 165.619932248
16.292360796 132.524592427 37.181238496 149.072262337
37.181238496 132.524592427 58.070116195 149.072262337
37.181238496 115.976922516 58.070116195 132.524592427
58.070116195 149.072262337 78.958993895 165.619932248
37.181238496 149.072262337 58.070116195 165.619932248
16.292360796 165.619932248 37.181238496 182.167602158
37.181238496 165.619932248 58.070116195 182.167602158
58.070116195 165.619932248 78.958993895 182.167602158
16.292360796 182.167602158 37.181238496 198.715272068
37.181238496 182.167602158 58.070116195 198.715272068
58.070116195 182.167602158 78.958993895 198.715272068
-129.929783100 165.619932248 -109.040905401 182.167602158
-129.929783100 115.976922516 -109.040905401 132.524592427
-129.929783100 149.072262337 -109.040905401 165.619932248
-129.929783100 132.524592427 -109.040905401 149.072262337
-109.040905401 149.072262337 -88.152027701 165.619932248
-109.040905401 165.619932248 -88.152027701 182.167602158
-109.040905401 115.976922516 -88.152027701 132.524592427
-88.152027701 132.524592427 -67.263150002 149.072262337
-88.152027701 165.619932248 -67.263150002 182.167602158
-88.152027701 149.072262337 -67.263150002 165.619932248
-109.040905401 132.524592427 -88.152027701 149.072262337
-88.152027701 115.976922516 -67.263150002 132.524592427
-129.929783100 182.167602158 -109.040905401 198.715272068
-109.040905401 182.167602158 -88.152027701 198.715272068
-88.152027701 182.167602158 -67.263150002 198.715272068
162.514504693 149.072262337 183.403382392 165.619932248
162.514504693 132.524592427 183.403382392 149.072262337
225.181137791 132.524592427 246.070015491 149.072262337
183.403382392 132.524592427 204.292260092 149.072262337
204.292260092 132.524592427 225.181137791 149.072262337
204.292260092 149.072262337 225.181137791 165.619932248
183.403382392 165.619932248 204.292260092 182.167602158
183.403382392 149.072262337 204.292260092 165.619932248
225.181137791 165.619932248 246.070015491 182.167602158
204.292260092 165.619932248 225.181137791 182.167602158
246.070015491 149.072262337 266.958893190 165.619932248
225.181137791 149.072262337 246.070015491 165.619932248
246.070015491 132.524592427 266.958893190 149.072262337
183.403382392 182.167602158 204.292260092 198.715272068
204.292260092 182.167602158 225.181137791 198.715272068
-67.263150002 149.072262337 -46.374272302 165.619932248
-46.374272302 132.524592427 -25.485394603 149.072262337
-46.374272302 115.976922516 -25.485394603 132.524592427
-67.263150002 132.524592427 -46.374272302 149.072262337
-67.263150002 115.976922516 -46.374272302 132.524592427
-46.374272302 149.072262337 -25.485394603 165.619932248
-67.263150002 165.619932248 -46.374272302 182.167602158
-46.374272302 165.619932248 -25.485394603 182.167602158
-67.263150002 182.167602158 -46.374272302 198.715272068
-46.374272302 182.167602158 -25.485394603 198.715272068
78.958993895 182.167602158 99.847871594 198.715272068
-4.596516903 115.976922516 16.292360796 132.524592427
-25.485394603 115.976922516 -4.596516903 132.524592427
-25.485394603 165.619932248 -4.596516903 182.167602158
-25.485394603 149.072262337 -4.596516903 165.619932248
-4.596516903 165.619932248 16.292360796 182.167602158
-25.485394603 132.524592427 -4.596516903 149.072262337
-4.596516903 132.524592427 16.292360796 149.072262337
-4.596516903 149.072262337 16.292360796 165.619932248
-25.485394603 182.167602158 -4.596516903 198.715272068
-4.596516903 182.167602158 16.292360796 198.715272068
-129.929783100 215.262941979 -109.040905401 231.810611889
-129.929783100 198.715272068 -109.040905401 215.262941979
-88.152027701 231.810611889 -67.263150002 248.358281799
-109.040905401 215.262941979 -88.152027701 231.810611889
-88.152027701 198.715272068 -67.263150002 215.262941979
-109.040905401 198.715272068 -88.152027701 215.262941979
-109.040905401 231.810611889 -88.152027701 248.358281799
-88.152027701 215.262941979 -67.263150002 231.810611889
-88.152027701 248.358281799 -67.263150002 264.905951710
120.736749294 231.810611889 141.625626993 248.358281799
58.070116195 198.715272068 78.958993895 215.262941979
58.070116195 215.262941979 78.958993895 231.810611889
78.958993895 215.262941979 99.847871594 231.810611889
78.958993895 198.715272068 99.847871594 215.262941979
99.847871594 198.715272068 120.736749294 215.262941979
99.847871594 231.810611889 120.736749294 248.358281799
78.958993895 231.810611889 99.847871594 248.358281799
99.847871594 215.262941979 120.736749294 231.810611889
58.070116195 231.810611889 78.958993895 248.358281799
120.736749294 215.262941979 141.625626993 231.810611889
120.736749294 264.905951710 141.625626993 281.453621620
120.736749294 248.358281799 141.625626993 264.905951710
99.847871594 248.358281799 120.736749294 264.905951710
99.847871594 264.905951710 120.736749294 281.453621620
-25.485394603 215.262941979 -4.596516903 231.810611889
-4.596516903 198.715272068 16.292360796 215.262941979
-4.596516903 215.262941979 16.292360796 231.810611889
-25.485394603 198.715272068 -4.596516903 215.262941979
16.292360796 215.262941979 37.181238496 231.810611889
16.292360796 198.715272068 37.181238496 215.262941979
37.181238496 215.262941979 58.070116195 231.810611889
37.181238496 198.715272068 58.070116195 215.262941979
-25.485394603 231.810611889 -4.596516903 248.358281799
-4.596516903 231.810611889 16.292360796 248.358281799
16.292360796 231.810611889 37.181238496 248.358281799
37.181238496 231.810611889 58.070116195 248.358281799
-4.596516903 248.358281799 16.292360796 264.905951710
-67.263150002 215.262941979 -46.374272302 231.810611889
-67.263150002 198.715272068 -46.374272302 215.262941979
-46.374272302 198.715272068 -25.485394603 215.262941979
-46.374272302 215.262941979 -25.485394603 231.810611889
-67.263150002 231.810611889 -46.374272302 248.358281799
-46.374272302 231.810611889 -25.485394603 248.358281799
-109.040905401 264.905951710 -88.152027701 281.453621620
-109.040905401 248.358281799 -88.152027701 264.905951710
-88.152027701 264.905951710 -67.263150002 281.453621620
-67.263150002 248.358281799 -46.374272302 264.905951710
-46.374272302 248.358281799 -25.485394603 264.905951710
58.070116195 281.453621620 78.958993895 298.001291531
58.070116195 264.905951710 78.958993895 281.453621620
37.181238496 264.905951710 58.070116195 281.453621620
58.070116195 248.358281799 78.958993895 264.905951710
37.181238496 248.358281799 58.070116195 264.905951710
78.958993895 281.453621620 99.847871594 298.001291531
78.958993895 264.905951710 99.847871594 281.453621620
78.958993895 248.358281799 99.847871594 264.905951710
58.070116195 298.001291531 78.958993895 314.548961441
78.958993895 298.001291531 99.847871594 314.548961441
99.847871594 298.001291531 120.736749294 314.548961441
99.847871594 281.453621620 120.736749294 298.001291531
120.736749294 281.453621620 141.625626993 298.001291531
141.625626993 248.358281799 162.514504693 264.905951710
141.625626993 264.905951710 162.514504693 281.453621620
-25.485394603 248.358281799 -4.596516903 264.905951710
