25
-148.236211568 -48.152838136 -133.567529265 -42.563464826
-148.236211568 -59.331584757 -140.901870417 -48.152838136
-140.901870417 -64.920958067 -133.567529265 -59.331584757
-162.904893872 -64.920958067 -155.570552720 -59.331584757
-155.570552720 -64.920958067 -148.236211568 -53.742211447
-140.901870417 -42.563464826 -126.233188113 -36.974091516
-140.901870417 -31.384718205 -126.233188113 -25.795344895
-148.236211568 -36.974091516 -126.233188113 -31.384718205
-155.570552720 -42.563464826 -140.901870417 -36.974091516
-126.233188113 -42.563464826 -118.898846961 -31.384718205
-133.567529265 -48.152838136 -118.898846961 -42.563464826
-140.901870417 -53.742211447 -126.233188113 -48.152838136
-162.904893872 -53.742211447 -155.570552720 -48.152838136
-170.239235024 -59.331584757 -155.570552720 -53.742211447
-133.701500305 -53.876182487 -133.567529265 -53.742211447
-140.901870417 -59.331584757 -133.567529265 -53.742211447
-148.236211568 -64.920958067 -140.901870417 -59.331584757
-138.749040203 -76.099704688 -127.570293583 -70.510331378
-162.744847670 -75.034971646 -153.695567134 -70.510331378
-168.334220981 -70.510331378 -148.106193824 -64.920958067
-144.338413514 -70.510331378 -124.359264381 -64.920958067
-133.567529265 -54.224416736 -132.737089727 -53.742211447
-133.567529265 -64.920958067 -126.737608490 -58.091037293
-170.239235024 -64.920958067 -162.904893872 -59.331584757
-155.570552720 -53.742211447 -148.236211568 -42.563464826
