19
-159.885359683 -180.824591850 156.859527197 -81.151757434
-96.536382307 118.193911398 156.859527197 217.866745813
-223.234337058 -81.151757434 220.208504572 118.193911398
-349.932291810 -180.824591850 -223.234337058 118.193911398
-159.885359683 217.866745813 156.859527197 317.539580229
220.208504572 18.521076982 283.557481948 217.866745813
156.859527197 118.193911398 220.208504572 317.539580229
220.208504572 -81.151757434 346.906459324 18.521076982
-223.234337058 -269.348187544 -159.885359683 -81.151757434
269.552899532 -84.730640925 281.544002030 -81.151757434
156.859527197 -180.824591850 272.589855873 -81.151757434
-159.885359683 -280.497426265 202.987256646 -180.824591850
71.304015840 -314.056562329 79.339109732 -280.497426265
39.582665205 -380.170260681 53.884562898 -280.497426265
-26.652815674 -309.015218480 17.436497125 -280.497426265
-90.817222487 -334.801955633 -67.645943125 -280.497426265
-89.402843117 -298.821512421 -80.606283174 -280.497426265
-276.271123486 118.193911398 -96.536382307 217.866745813
283.557481948 23.329773751 305.993335199 42.428344389
